Time,Concentration
0.0,0.0
1.0006949270326615,0.8005559416261292
2.001389854065323,1.6011118832522584
3.0020847810979845,2.4016678248783876
4.002779708130646,3.202223766504517
5.0034746351633075,4.0
6.004169562195969,4.0
7.0048644892286305,4.0
8.005559416261292,4.0
9.006254343293953,4.0
10.006949270326615,4.0
11.007644197359276,4.0
12.008339124391938,4.0
13.0090340514246,4.0
14.009728978457261,4.0
15.010423905489922,4.0
16.011118832522584,4.0
17.011813759555245,4.0
18.012508686587907,4.0
19.01320361362057,4.0
20.01389854065323,4.0
21.01459346768589,4.0
22.015288394718553,4.0
23.015983321751214,4.0
24.016678248783876,4.0
25.017373175816537,4.0
26.0180681028492,4.0
27.01876302988186,4.0
28.019457956914522,4.0
29.020152883947183,4.0
30.020847810979845,4.0
31.021542738012506,4.0
32.02223766504517,4.0
33.02293259207783,4.0
34.02362751911049,4.0
35.02432244614315,4.0
36.025017373175814,4.0
37.025712300208475,4.0
38.02640722724114,4.0
39.0271021542738,4.0
40.02779708130646,4.0
41.02849200833912,4.0
42.02918693537178,4.0
43.029881862404444,4.0
44.030576789437106,4.0
45.03127171646977,4.0
46.03196664350243,4.0
47.03266157053509,4.0
48.03335649756775,4.0
49.03405142460041,4.0
50.034746351633075,4.0
51.035441278665736,4.0
52.0361362056984,4.0
53.03683113273106,4.0
54.03752605976372,4.0
55.03822098679638,4.0
56.038915913829044,4.0
57.039610840861705,4.0
58.04030576789437,4.0
59.04100069492703,4.0
60.04169562195969,4.0
61.04239054899235,4.0
62.04308547602501,4.0
63.043780403057674,4.0
64.04447533009034,4.0
65.045170257123,4.0
66.04586518415566,4.0
67.04656011118831,4.0
68.04725503822098,4.0
69.04794996525365,4.0
70.0486448922863,4.0
71.04933981931896,4.0
72.05003474635163,4.0
73.0507296733843,4.0
74.05142460041695,4.0
75.0521195274496,4.0
76.05281445448227,4.0
77.05350938151494,4.0
78.0542043085476,4.0
79.05489923558025,4.0
80.05559416261292,4.0
81.05628908964559,4.0
82.05698401667824,4.0
83.0576789437109,4.0
84.05837387074357,4.0
85.05906879777623,4.0
86.05976372480889,4.0
87.06045865184154,4.0
88.06115357887421,4.0
89.06184850590688,4.0
90.06254343293953,4.0
91.06323835997219,4.0
92.06393328700486,4.0
93.06462821403753,4.0
94.06532314107018,4.0
95.06601806810284,4.0
96.0667129951355,4.0
97.06740792216817,4.0
98.06810284920083,4.0
99.06879777623348,4.0
100.06949270326615,4.0
101.07018763029882,4.0
102.07088255733147,4.0
103.07157748436413,4.0
104.0722724113968,4.0
105.07296733842946,4.0
106.07366226546212,4.0
107.07435719249477,4.0
108.07505211952744,4.0
109.07574704656011,4.0
110.07644197359276,4.0
111.07713690062542,4.0
112.07783182765809,4.0
113.07852675469076,4.0
114.07922168172341,4.0
115.07991660875606,4.0
116.08061153578873,4.0
117.0813064628214,4.0
118.08200138985406,4.0
119.08269631688671,4.0
120.08339124391938,4.0
121.08408617095205,4.0
122.0847810979847,4.0
123.08547602501736,4.0
124.08617095205003,4.0
125.0868658790827,4.0
126.08756080611535,4.0
127.088255733148,4.0
128.08895066018067,4.0
129.08964558721334,4.0
130.090340514246,4.0
131.09103544127865,4.0
132.09173036831132,4.0
133.092425295344,4.0
134.09312022237663,4.0
135.0938151494093,4.0
136.09451007644196,4.0
137.09520500347463,4.0
138.0958999305073,4.0
139.09659485753994,4.0
140.0972897845726,4.0
141.09798471160528,4.0
142.09867963863792,4.0
143.0993745656706,4.0
144.10006949270326,4.0
145.10076441973592,4.0
146.1014593467686,4.0
147.10215427380123,4.0
148.1028492008339,4.0
149.10354412786657,4.0
150.1042390548992,4.0
151.10493398193188,4.0
152.10562890896455,4.0
153.10632383599722,4.0
154.10701876302988,4.0
155.10771369006252,4.0
156.1084086170952,4.0
157.10910354412786,4.0
158.1097984711605,4.0
159.11049339819317,4.0
160.11118832522584,4.0
161.1118832522585,4.0
162.11257817929118,4.0
163.11327310632382,4.0
164.11396803335649,4.0
165.11466296038915,4.0
166.1153578874218,4.0
167.11605281445446,4.0
168.11674774148713,4.0
169.1174426685198,4.0
170.11813759555247,4.0
171.1188325225851,4.0
172.11952744961778,4.0
173.12022237665045,4.0
174.1209173036831,4.0
175.12161223071575,4.0
176.12230715774842,4.0
177.1230020847811,4.0
178.12369701181376,4.0
179.1243919388464,4.0
180.12508686587907,4.0
181.12578179291174,4.0
182.12647671994438,4.0
183.12717164697705,4.0
184.12786657400972,4.0
185.12856150104238,4.0
186.12925642807505,4.0
187.1299513551077,4.0
188.13064628214036,4.0
189.13134120917303,4.0
190.13203613620567,4.0
191.13273106323834,4.0
192.133425990271,4.0
193.13412091730368,4.0
194.13481584433634,4.0
195.13551077136898,4.0
196.13620569840165,4.0
197.13690062543432,4.0
198.13759555246696,4.0
199.13829047949963,4.0
200.1389854065323,4.0
201.13968033356497,4.0
202.14037526059764,4.0
203.14107018763028,4.0
204.14176511466295,4.0
205.1424600416956,4.0
206.14315496872825,4.0
207.14384989576092,4.0
208.1445448227936,4.0
209.14523974982626,4.0
210.14593467685893,4.0
211.14662960389157,4.0
212.14732453092424,4.0
213.1480194579569,4.0
214.14871438498955,4.0
215.14940931202221,4.0
216.15010423905488,4.0
217.15079916608755,4.0
218.15149409312022,4.0
219.15218902015286,4.0
220.15288394718553,4.0
221.1535788742182,4.0
222.15427380125084,4.0
223.1549687282835,4.0
224.15566365531618,4.0
225.15635858234884,4.0
226.1570535093815,4.0
227.15774843641415,4.0
228.15844336344682,4.0
229.1591382904795,4.0
230.15983321751213,4.0
231.1605281445448,4.0
232.16122307157747,4.0
233.16191799861014,4.0
234.1626129256428,4.0
235.16330785267544,4.0
236.1640027797081,4.0
237.16469770674078,4.0
238.16539263377342,4.0
239.1660875608061,4.0
240.16678248783876,4.0
241.16747741487143,4.0
242.1681723419041,4.0
243.16886726893674,4.0
244.1695621959694,4.0
245.17025712300207,4.0
246.1709520500347,4.0
247.17164697706738,4.0
248.17234190410005,4.0
249.17303683113272,4.0
250.1737317581654,4.0
251.17442668519803,4.0
252.1751216122307,4.0
253.17581653926337,4.0
254.176511466296,4.0
255.17720639332867,4.0
256.17790132036134,4.0
257.178596247394,4.0
258.1792911744267,4.0
259.17998610145935,4.0
260.180681028492,4.0
261.18137595552463,4.0
262.1820708825573,4.0
263.18276580958997,4.0
264.18346073662264,4.0
265.1841556636553,4.0
266.184850590688,4.0
267.18554551772064,4.0
268.18624044475325,4.0
269.1869353717859,4.0
270.1876302988186,4.0
271.18832522585126,4.0
272.1890201528839,4.0
273.1897150799166,4.0
274.19041000694926,4.0
275.19110493398193,4.0
276.1917998610146,4.0
277.1924947880472,4.0
278.1931897150799,4.0
279.19388464211255,4.0
280.1945795691452,4.0
281.1952744961779,4.0
282.19596942321056,4.0
283.1966643502432,4.0
284.19735927727584,4.0
285.1980542043085,4.0
286.1987491313412,4.0
287.19944405837384,4.0
288.2001389854065,4.0
289.2008339124392,4.0
290.20152883947185,4.0
291.2022237665045,4.0
292.2029186935372,4.0
293.2036136205698,4.0
294.20430854760247,4.0
295.20500347463513,4.0
296.2056984016678,4.0
297.20639332870047,4.0
298.20708825573314,4.0
299.2077831827658,4.0
300.2084781097984,4.0
301.2091730368311,4.0
302.20986796386376,4.0
303.2105628908964,4.0
304.2112578179291,4.0
305.21195274496176,4.0
306.21264767199443,4.0
307.2133425990271,4.0
308.21403752605977,4.0
309.2147324530924,4.0
310.21542738012505,4.0
311.2161223071577,4.0
312.2168172341904,4.0
313.21751216122306,4.0
314.2182070882557,4.0
315.2189020152884,4.0
316.219596942321,4.0
317.2202918693537,4.0
318.22098679638634,4.0
319.221681723419,4.0
320.2223766504517,4.0
321.22307157748435,4.0
322.223766504517,4.0
323.2244614315497,4.0
324.22515635858235,4.0
325.22585128561497,4.0
326.22654621264763,4.0
327.2272411396803,4.0
328.22793606671297,4.0
329.22863099374564,4.0
330.2293259207783,4.0
331.230020847811,4.0
332.2307157748436,4.0
333.23141070187626,4.0
334.2321056289089,4.0
335.2328005559416,4.0
336.23349548297426,4.0
337.23419041000693,4.0
338.2348853370396,4.0
339.23558026407227,4.0
340.23627519110494,4.0
341.23697011813755,4.0
342.2376650451702,4.0
343.2383599722029,4.0
344.23905489923555,4.0
345.2397498262682,4.0
346.2404447533009,4.0
347.24113968033356,4.0
348.2418346073662,4.0
349.24252953439884,4.0
350.2432244614315,4.0
351.2439193884642,4.0
352.24461431549685,4.0
353.2453092425295,4.0
354.2460041695622,4.0
355.24669909659485,4.0
356.2473940236275,4.0
357.24808895066013,4.0
358.2487838776928,4.0
359.24947880472547,4.0
360.25017373175814,4.0
361.2508686587908,4.0
362.2515635858235,4.0
363.25225851285614,4.0
364.25295343988876,4.0
365.2536483669214,4.0
366.2543432939541,4.0
367.25503822098676,4.0
368.25573314801943,4.0
369.2564280750521,4.0
370.25712300208477,4.0
371.25781792911744,4.0
372.2585128561501,4.0
373.2592077831827,4.0
374.2599027102154,4.0
375.26059763724805,4.0
376.2612925642807,4.0
377.2619874913134,4.0
378.26268241834606,4.0
379.26337734537873,4.0
380.26407227241134,4.0
381.264767199444,4.0
382.2654621264767,4.0
383.26615705350935,4.0
384.266851980542,4.0
385.2675469075747,4.0
386.26824183460735,4.0
387.26893676164,4.0
388.2696316886727,4.0
389.2703266157053,4.0
390.27102154273797,4.0
391.27171646977064,4.0
392.2724113968033,4.0
393.273106323836,4.0
394.27380125086864,4.0
395.2744961779013,4.0
396.2751911049339,4.0
397.2758860319666,4.0
398.27658095899926,4.0
399.27727588603193,4.0
400.2779708130646,4.0
401.27866574009727,4.0
402.27936066712994,4.0
403.2800555941626,4.0
404.2807505211953,4.0
405.2814454482279,4.0
406.28214037526055,4.0
407.2828353022932,4.0
408.2835302293259,4.0
409.28422515635856,4.0
410.2849200833912,4.0
411.2856150104239,4.0
412.2863099374565,4.0
413.2870048644892,4.0
414.28769979152185,4.0
415.2883947185545,4.0
416.2890896455872,4.0
417.28978457261985,4.0
418.2904794996525,4.0
419.2911744266852,4.0
420.29186935371786,4.0
421.29256428075047,4.0
422.29325920778314,4.0
423.2939541348158,4.0
424.2946490618485,4.0
425.29534398888114,4.0
426.2960389159138,4.0
427.2967338429465,4.0
428.2974287699791,4.0
429.29812369701176,4.0
430.29881862404443,4.0
431.2995135510771,4.0
432.30020847810977,4.0
433.30090340514244,4.0
434.3015983321751,4.0
435.3022932592078,4.0
436.30298818624044,4.0
437.30368311327305,4.0
438.3043780403057,4.0
439.3050729673384,4.0
440.30576789437106,4.0
441.3064628214037,4.0
442.3071577484364,4.0
443.30785267546906,4.0
444.3085476025017,4.0
445.30924252953434,4.0
446.309937456567,4.0
447.3106323835997,4.0
448.31132731063235,4.0
449.312022237665,4.0
450.3127171646977,4.0
451.31341209173036,4.0
452.314107018763,4.0
453.31480194579564,4.0
454.3154968728283,4.0
455.316191799861,4.0
456.31688672689364,4.0
457.3175816539263,4.0
458.318276580959,4.0
459.31897150799165,4.0
460.31966643502426,4.0
461.32036136205693,4.0
462.3210562890896,4.0
463.32175121612227,4.0
464.32244614315493,4.0
465.3231410701876,4.0
466.32383599722027,4.0
467.32453092425294,4.0
468.3252258512856,4.0
469.3259207783182,4.0
470.3266157053509,4.0
471.32731063238356,4.0
472.3280055594162,4.0
473.3287004864489,4.0
474.32939541348156,4.0
475.33009034051423,4.0
476.33078526754684,4.0
477.3314801945795,4.0
478.3321751216122,4.0
479.33287004864485,4.0
480.3335649756775,4.0
481.3342599027102,4.0
482.33495482974286,4.0
483.3356497567755,4.0
484.3363446838082,4.0
485.3370396108408,4.0
486.3377345378735,4.0
487.33842946490614,4.0
488.3391243919388,4.0
489.3398193189715,4.0
490.34051424600415,4.0
491.3412091730368,4.0
492.3419041000694,4.0
493.3425990271021,4.0
494.34329395413477,4.0
495.34398888116743,4.0
496.3446838082001,4.0
497.34537873523277,4.0
498.34607366226544,4.0
499.3467685892981,4.0
500.3474635163308,4.0
501.3481584433634,4.0
502.34885337039606,4.0
503.3495482974287,4.0
504.3502432244614,4.0
505.35093815149406,4.0
506.35163307852673,4.0
507.3523280055594,4.0
508.353022932592,4.0
509.3537178596247,4.0
510.35441278665735,4.0
511.35510771369,4.0
512.3558026407227,4.0
513.3564975677554,4.0
514.357192494788,4.0
515.3578874218207,4.0
516.3585823488534,4.0
517.359277275886,4.0
518.3599722029187,4.0
519.3606671299514,4.0
520.361362056984,4.0
521.3620569840166,4.0
522.3627519110493,4.0
523.3634468380819,4.0
524.3641417651146,4.0
525.3648366921473,4.0
526.3655316191799,4.0
527.3662265462126,4.0
528.3669214732453,4.0
529.3676164002779,4.0
530.3683113273106,4.0
531.3690062543433,4.0
532.369701181376,4.0
533.3703961084086,4.0
534.3710910354413,4.0
535.371785962474,4.0
536.3724808895065,4.0
537.3731758165392,4.0
538.3738707435718,4.0
539.3745656706045,4.0
540.3752605976372,4.0
541.3759555246698,4.0
542.3766504517025,4.0
543.3773453787352,4.0
544.3780403057679,4.0
545.3787352328005,4.0
546.3794301598332,4.0
547.3801250868659,4.0
548.3808200138985,4.0
549.3815149409312,4.0
550.3822098679639,4.0
551.3829047949965,4.0
552.3835997220292,4.0
553.3842946490618,4.0
554.3849895760944,4.0
555.3856845031271,4.0
556.3863794301598,4.0
557.3870743571924,4.0
558.3877692842251,4.0
559.3884642112578,4.0
560.3891591382904,4.0
561.3898540653231,4.0
562.3905489923558,4.0
563.3912439193884,4.0
564.3919388464211,4.0
565.3926337734538,4.0
566.3933287004864,4.0
567.3940236275191,4.0
568.3947185545517,4.0
569.3954134815843,4.0
570.396108408617,4.0
571.3968033356497,4.0
572.3974982626823,4.0
573.398193189715,4.0
574.3988881167477,4.0
575.3995830437804,4.0
576.400277970813,4.0
577.4009728978457,4.0
578.4016678248784,4.0
579.402362751911,4.0
580.4030576789437,4.0
581.4037526059764,4.0
582.404447533009,4.0
583.4051424600417,4.0
584.4058373870744,4.0
585.4065323141069,4.0
586.4072272411396,4.0
587.4079221681723,4.0
588.4086170952049,4.0
589.4093120222376,4.0
590.4100069492703,4.0
591.4107018763029,4.0
592.4113968033356,4.0
593.4120917303683,4.0
594.4127866574009,4.0
595.4134815844336,4.0
596.4141765114663,4.0
597.414871438499,4.0
598.4155663655316,4.0
599.4162612925643,4.0
600.4169562195968,4.0
601.4176511466295,4.0
602.4183460736622,4.0
603.4190410006948,4.0
604.4197359277275,4.0
605.4204308547602,4.0
606.4211257817929,4.0
607.4218207088255,4.0
608.4225156358582,4.0
609.4232105628909,4.0
610.4239054899235,4.0
611.4246004169562,4.0
612.4252953439889,4.0
613.4259902710215,4.0
614.4266851980542,4.0
615.4273801250869,4.0
616.4280750521195,4.0
617.4287699791521,4.0
618.4294649061848,4.0
619.4301598332174,4.0
620.4308547602501,4.0
621.4315496872828,4.0
622.4322446143154,4.0
623.4329395413481,4.0
624.4336344683808,4.0
625.4343293954134,4.0
626.4350243224461,4.0
627.4357192494788,4.0
628.4364141765114,4.0
629.4371091035441,4.0
630.4378040305768,4.0
631.4384989576095,4.0
632.439193884642,4.0
633.4398888116747,4.0
634.4405837387073,4.0
635.44127866574,4.0
636.4419735927727,4.0
637.4426685198054,4.0
638.443363446838,4.0
639.4440583738707,4.0
640.4447533009034,4.0
641.445448227936,4.0
642.4461431549687,4.0
643.4468380820014,4.0
644.447533009034,4.0
645.4482279360667,4.0
646.4489228630994,4.0
647.449617790132,4.0
648.4503127171647,4.0
649.4510076441973,4.0
650.4517025712299,4.0
651.4523974982626,4.0
652.4530924252953,4.0
653.4537873523279,4.0
654.4544822793606,4.0
655.4551772063933,4.0
656.4558721334259,4.0
657.4565670604586,4.0
658.4572619874913,4.0
659.457956914524,4.0
660.4586518415566,4.0
661.4593467685893,4.0
662.460041695622,4.0
663.4607366226546,4.0
664.4614315496872,4.0
665.4621264767198,4.0
666.4628214037525,4.0
667.4635163307852,4.0
668.4642112578179,4.0
669.4649061848505,4.0
670.4656011118832,4.0
671.4662960389159,4.0
672.4669909659485,4.0
673.4676858929812,4.0
674.4683808200139,4.0
675.4690757470465,4.0
676.4697706740792,4.0
677.4704656011119,4.0
678.4711605281445,4.0
679.4718554551772,4.0
680.4725503822099,4.0
681.4732453092424,4.0
682.4739402362751,4.0
683.4746351633078,4.0
684.4753300903404,4.0
685.4760250173731,4.0
686.4767199444058,4.0
687.4774148714384,4.0
688.4781097984711,4.0
689.4788047255038,4.0
690.4794996525364,4.0
691.4801945795691,4.0
692.4808895066018,4.0
693.4815844336345,4.0
694.4822793606671,4.0
695.4829742876998,4.0
696.4836692147323,4.0
697.484364141765,4.0
698.4850590687977,4.0
699.4857539958304,4.0
700.486448922863,4.0
701.4871438498957,4.0
702.4878387769284,4.0
703.488533703961,4.0
704.4892286309937,4.0
705.4899235580264,4.0
706.490618485059,4.0
707.4913134120917,4.0
708.4920083391244,4.0
709.492703266157,4.0
710.4933981931897,4.0
711.4940931202224,4.0
712.494788047255,4.0
713.4954829742876,4.0
714.4961779013203,4.0
715.4968728283529,4.0
716.4975677553856,4.0
717.4982626824183,4.0
718.4989576094509,4.0
719.4996525364836,4.0
720.5003474635163,4.0
721.501042390549,4.0
722.5017373175816,4.0
723.5024322446143,4.0
724.503127171647,4.0
725.5038220986796,4.0
726.5045170257123,4.0
727.505211952745,4.0
728.5059068797775,4.0
729.5066018068102,4.0
730.5072967338428,4.0
731.5079916608755,4.0
732.5086865879082,4.0
733.5093815149409,4.0
734.5100764419735,4.0
735.5107713690062,4.0
736.5114662960389,4.0
737.5121612230715,4.0
738.5128561501042,4.0
739.5135510771369,4.0
740.5142460041695,4.0
741.5149409312022,4.0
742.5156358582349,4.0
743.5163307852675,4.0
744.5170257123002,4.0
745.5177206393328,4.0
746.5184155663654,4.0
747.5191104933981,4.0
748.5198054204308,4.0
749.5205003474634,4.0
750.5211952744961,4.0
751.5218902015288,4.0
752.5225851285614,4.0
753.5232800555941,4.0
754.5239749826268,4.0
755.5246699096595,4.0
756.5253648366921,4.0
757.5260597637248,4.0
758.5267546907575,4.0
759.5274496177901,4.0
760.5281445448227,4.0
761.5288394718553,4.0
762.529534398888,4.0
763.5302293259207,4.0
764.5309242529534,4.0
765.531619179986,4.0
766.5323141070187,4.0
767.5330090340514,4.0
768.533703961084,4.0
769.5343988881167,4.0
770.5350938151494,4.0
771.535788742182,4.0
772.5364836692147,4.0
773.5371785962474,4.0
774.53787352328,4.0
775.5385684503127,4.0
776.5392633773454,4.0
777.5399583043779,4.0
778.5406532314106,4.0
779.5413481584433,4.0
780.5420430854759,4.0
781.5427380125086,4.0
782.5434329395413,4.0
783.544127866574,4.0
784.5448227936066,4.0
785.5455177206393,4.0
786.546212647672,4.0
787.5469075747046,4.0
788.5476025017373,4.0
789.54829742877,4.0
790.5489923558026,4.0
791.5496872828353,4.0
792.5503822098678,4.0
793.5510771369005,4.0
794.5517720639332,4.0
795.5524669909659,4.0
796.5531619179985,4.0
797.5538568450312,4.0
798.5545517720639,4.0
799.5552466990965,4.0
800.5559416261292,4.0
801.5566365531619,4.0
802.5573314801945,4.0
803.5580264072272,4.0
804.5587213342599,4.0
805.5594162612925,4.0
806.5601111883252,4.0
807.5608061153579,4.0
808.5615010423905,4.0
809.5621959694231,4.0
810.5628908964558,4.0
811.5635858234884,4.0
812.5642807505211,4.0
813.5649756775538,4.0
814.5656706045864,4.0
815.5663655316191,4.0
816.5670604586518,4.0
817.5677553856844,4.0
818.5684503127171,4.0
819.5691452397498,4.0
820.5698401667825,4.0
821.5705350938151,4.0
822.5712300208478,4.0
823.5719249478805,4.0
824.572619874913,4.0
825.5733148019457,4.0
826.5740097289784,4.0
827.574704656011,4.0
828.5753995830437,4.0
829.5760945100764,4.0
830.576789437109,4.0
831.5774843641417,4.0
832.5781792911744,4.0
833.578874218207,4.0
834.5795691452397,4.0
835.5802640722724,4.0
836.580958999305,4.0
837.5816539263377,4.0
838.5823488533704,4.0
839.583043780403,4.0
840.5837387074357,4.0
841.5844336344683,4.0
842.5851285615009,4.0
843.5858234885336,4.0
844.5865184155663,4.0
845.587213342599,4.0
846.5879082696316,4.0
847.5886031966643,4.0
848.589298123697,4.0
849.5899930507296,4.0
850.5906879777623,4.0
851.591382904795,4.0
852.5920778318276,4.0
853.5927727588603,4.0
854.593467685893,4.0
855.5941626129256,4.0
856.5948575399582,4.0
857.5955524669909,4.0
858.5962473940235,4.0
859.5969423210562,4.0
860.5976372480889,4.0
861.5983321751215,4.0
862.5990271021542,4.0
863.5997220291869,4.0
864.6004169562195,4.0
865.6011118832522,4.0
866.6018068102849,4.0
867.6025017373175,4.0
868.6031966643502,4.0
869.6038915913829,4.0
870.6045865184155,4.0
871.6052814454482,4.0
872.6059763724809,4.0
873.6066712995134,4.0
874.6073662265461,4.0
875.6080611535788,4.0
876.6087560806114,4.0
877.6094510076441,4.0
878.6101459346768,4.0
879.6108408617094,4.0
880.6115357887421,4.0
881.6122307157748,4.0
882.6129256428075,4.0
883.6136205698401,4.0
884.6143154968728,4.0
885.6150104239055,4.0
886.6157053509381,4.0
887.6164002779708,4.0
888.6170952050034,4.0
889.617790132036,4.0
890.6184850590687,4.0
891.6191799861014,4.0
892.619874913134,4.0
893.6205698401667,4.0
894.6212647671994,4.0
895.621959694232,4.0
896.6226546212647,4.0
897.6233495482974,4.0
898.62404447533,4.0
899.6247394023627,4.0
900.6254343293954,4.0
901.626129256428,4.0
902.6268241834607,4.0
903.6275191104934,4.0
904.628214037526,4.0
905.6289089645586,4.0
906.6296038915913,4.0
907.6302988186239,4.0
908.6309937456566,4.0
909.6316886726893,4.0
910.632383599722,4.0
911.6330785267546,4.0
912.6337734537873,4.0
913.63446838082,4.0
914.6351633078526,4.0
915.6358582348853,4.0
916.636553161918,4.0
917.6372480889506,4.0
918.6379430159833,4.0
919.638637943016,4.0
920.6393328700485,4.0
921.6400277970812,4.0
922.6407227241139,4.0
923.6414176511465,4.0
924.6421125781792,4.0
925.6428075052119,4.0
926.6435024322445,4.0
927.6441973592772,4.0
928.6448922863099,4.0
929.6455872133425,4.0
930.6462821403752,4.0
931.6469770674079,4.0
932.6476719944405,4.0
933.6483669214732,4.0
934.6490618485059,4.0
935.6497567755385,4.0
936.6504517025712,4.0
937.6511466296038,4.0
938.6518415566364,4.0
939.6525364836691,4.0
940.6532314107018,4.0
941.6539263377344,4.0
942.6546212647671,4.0
943.6553161917998,4.0
944.6560111188325,4.0
945.6567060458651,4.0
946.6574009728978,4.0
947.6580958999305,4.0
948.6587908269631,4.0
949.6594857539958,4.0
950.6601806810285,4.0
951.6608756080611,4.0
952.6615705350937,4.0
953.6622654621264,4.0
954.662960389159,4.0
955.6636553161917,4.0
956.6643502432244,4.0
957.665045170257,4.0
958.6657400972897,4.0
959.6664350243224,4.0
960.667129951355,4.0
961.6678248783877,4.0
962.6685198054204,4.0
963.669214732453,4.0
964.6699096594857,4.0
965.6706045865184,4.0
966.671299513551,4.0
967.6719944405837,4.0
968.6726893676164,4.0
969.6733842946489,4.0
970.6740792216816,4.0
971.6747741487143,4.0
972.675469075747,4.0
973.6761640027796,4.0
974.6768589298123,4.0
975.677553856845,4.0
976.6782487838776,4.0
977.6789437109103,4.0
978.679638637943,4.0
979.6803335649756,4.0
980.6810284920083,4.0
981.681723419041,4.0
982.6824183460736,4.0
983.6831132731063,4.0
984.6838082001389,4.0
985.6845031271715,4.0
986.6851980542042,4.0
987.6858929812369,4.0
988.6865879082695,4.0
989.6872828353022,4.0
990.6879777623349,4.0
991.6886726893675,4.0
992.6893676164002,4.0
993.6900625434329,4.0
994.6907574704655,4.0
995.6914523974982,4.0
996.6921473245309,4.0
997.6928422515635,4.0
998.6935371785962,4.0
999.6942321056289,4.0
1000.6949270326616,4.0
1001.6956219596941,4.0
1002.6963168867268,4.0
1003.6970118137594,4.0
1004.6977067407921,4.0
1005.6984016678248,4.0
1006.6990965948575,4.0
1007.6997915218901,4.0
1008.7004864489228,4.0
1009.7011813759555,4.0
1010.7018763029881,4.0
1011.7025712300208,4.0
1012.7032661570535,4.0
1013.7039610840861,4.0
1014.7046560111188,4.0
1015.7053509381515,4.0
1016.706045865184,4.0
1017.7067407922167,4.0
1018.7074357192494,4.0
1019.708130646282,4.0
1020.7088255733147,4.0
1021.7095205003474,4.0
1022.71021542738,4.0
1023.7109103544127,4.0
1024.7116052814454,4.0
1025.712300208478,4.0
1026.7129951355107,4.0
1027.7136900625433,4.0
1028.714384989576,4.0
1029.7150799166086,4.0
1030.7157748436414,4.0
1031.716469770674,4.0
1032.7171646977067,4.0
1033.7178596247393,4.0
1034.718554551772,4.0
1035.7192494788046,4.0
1036.7199444058374,4.0
1037.72063933287,4.0
1038.7213342599027,4.0
1039.7220291869353,4.0
1040.722724113968,4.0
1041.7234190410006,4.0
1042.7241139680332,4.0
1043.724808895066,4.0
1044.7255038220985,4.0
1045.7261987491313,4.0
1046.7268936761639,4.0
1047.7275886031966,4.0
1048.7282835302292,4.0
1049.728978457262,4.0
1050.7296733842945,4.0
1051.7303683113273,4.0
1052.7310632383599,4.0
1053.7317581653926,4.0
1054.7324530924252,4.0
1055.733148019458,4.0
1056.7338429464905,4.0
1057.734537873523,4.0
1058.7352328005559,4.0
1059.7359277275884,4.0
1060.7366226546212,4.0
1061.7373175816538,4.0
1062.7380125086866,4.0
1063.738707435719,4.0
1064.739402362752,4.0
1065.7400972897844,4.0
1066.7407922168172,4.0
1067.7414871438498,4.0
1068.7421820708826,4.0
1069.7428769979151,4.0
1070.743571924948,4.0
1071.7442668519805,4.0
1072.744961779013,4.0
1073.7456567060458,4.0
1074.7463516330783,4.0
1075.7470465601111,4.0
1076.7477414871437,4.0
1077.7484364141765,4.0
1078.749131341209,4.0
1079.7498262682418,4.0
1080.7505211952744,4.0
1081.7512161223071,4.0
1082.7519110493397,4.0
1083.7526059763725,4.0
1084.753300903405,4.0
1085.7539958304378,4.0
1086.7546907574704,4.0
1087.7553856845032,4.0
1088.7560806115357,4.0
1089.7567755385683,4.0
1090.757470465601,4.0
1091.7581653926336,4.0
1092.7588603196664,4.0
1093.759555246699,4.0
1094.7602501737317,4.0
1095.7609451007643,4.0
1096.761640027797,4.0
1097.7623349548296,4.0
1098.7630298818624,4.0
1099.763724808895,4.0
1100.7644197359277,4.0
1101.7651146629603,4.0
1102.765809589993,4.0
1103.7665045170256,4.0
1104.7671994440584,4.0
1105.767894371091,4.0
1106.7685892981235,4.0
1107.7692842251563,4.0
1108.7699791521889,4.0
1109.7706740792216,4.0
1110.7713690062542,4.0
1111.772063933287,4.0
1112.7727588603195,4.0
1113.7734537873523,4.0
1114.7741487143849,4.0
1115.7748436414176,4.0
1116.7755385684502,4.0
1117.776233495483,4.0
1118.7769284225155,4.0
1119.7776233495483,4.0
1120.7783182765809,4.0
1121.7790132036134,4.0
1122.7797081306462,4.0
1123.7804030576788,4.0
1124.7810979847116,4.0
1125.781792911744,4.0
1126.782487838777,4.0
1127.7831827658094,4.0
1128.7838776928422,4.0
1129.7845726198748,4.0
1130.7852675469076,4.0
1131.7859624739401,4.0
1132.786657400973,4.0
1133.7873523280055,4.0
1134.7880472550382,4.0
1135.7887421820708,4.0
1136.7894371091033,4.0
1137.7901320361361,4.0
1138.7908269631687,4.0
1139.7915218902015,4.0
1140.792216817234,4.0
1141.7929117442668,4.0
1142.7936066712994,4.0
1143.7943015983321,4.0
1144.7949965253647,4.0
1145.7956914523975,4.0
1146.79638637943,4.0
1147.7970813064628,4.0
1148.7977762334954,4.0
1149.7984711605282,4.0
1150.7991660875607,4.0
1151.7998610145935,4.0
1152.800555941626,4.0
1153.8012508686586,4.0
1154.8019457956914,4.0
1155.802640722724,4.0
1156.8033356497567,4.0
1157.8040305767893,4.0
1158.804725503822,4.0
1159.8054204308546,4.0
1160.8061153578874,4.0
1161.80681028492,4.0
1162.8075052119527,4.0
1163.8082001389853,4.0
1164.808895066018,4.0
1165.8095899930506,4.0
1166.8102849200834,4.0
1167.810979847116,4.0
1168.8116747741487,4.0
1169.8123697011813,4.0
1170.8130646282139,4.0
1171.8137595552466,4.0
1172.8144544822792,4.0
1173.815149409312,4.0
1174.8158443363445,4.0
1175.8165392633773,4.0
1176.8172341904099,4.0
1177.8179291174426,4.0
1178.8186240444752,4.0
1179.819318971508,4.0
1180.8200138985405,4.0
1181.8207088255733,4.0
1182.8214037526059,4.0
1183.8220986796387,4.0
1184.8227936066712,4.0
1185.8234885337038,4.0
1186.8241834607365,4.0
1187.824878387769,4.0
1188.8255733148019,4.0
1189.8262682418344,4.0
1190.8269631688672,4.0
1191.8276580958998,4.0
1192.8283530229326,4.0
1193.8290479499651,4.0
1194.829742876998,4.0
1195.8304378040305,4.0
1196.8311327310632,4.0
1197.8318276580958,4.0
1198.8325225851286,4.0
1199.8332175121611,4.0
1200.8339124391937,4.0
1201.8346073662265,4.0
1202.835302293259,4.0
1203.8359972202918,4.0
1204.8366921473244,4.0
1205.8373870743571,4.0
1206.8380820013897,4.0
1207.8387769284225,4.0
1208.839471855455,4.0
1209.8401667824878,4.0
1210.8408617095204,4.0
1211.8415566365532,4.0
1212.8422515635857,4.0
1213.8429464906185,4.0
1214.843641417651,4.0
1215.8443363446838,4.0
1216.8450312717164,4.0
1217.845726198749,4.0
1218.8464211257817,4.0
1219.8471160528143,4.0
1220.847810979847,4.0
1221.8485059068796,4.0
1222.8492008339124,4.0
1223.849895760945,4.0
1224.8505906879777,4.0
1225.8512856150103,4.0
1226.851980542043,4.0
1227.8526754690756,4.0
1228.8533703961084,4.0
1229.854065323141,4.0
1230.8547602501737,4.0
1231.8554551772063,4.0
1232.856150104239,4.0
1233.8568450312716,4.0
1234.8575399583042,4.0
1235.858234885337,4.0
1236.8589298123695,4.0
1237.8596247394023,4.0
1238.8603196664349,4.0
1239.8610145934676,4.0
1240.8617095205002,4.0
1241.862404447533,4.0
1242.8630993745655,4.0
1243.8637943015983,4.0
1244.8644892286309,4.0
1245.8651841556637,4.0
1246.8658790826962,4.0
1247.866574009729,4.0
1248.8672689367615,4.0
1249.867963863794,4.0
1250.8686587908269,4.0
1251.8693537178594,4.0
1252.8700486448922,4.0
1253.8707435719248,4.0
1254.8714384989576,4.0
1255.8721334259901,4.0
1256.872828353023,4.0
1257.8735232800555,4.0
1258.8742182070882,4.0
1259.8749131341208,4.0
1260.8756080611536,4.0
1261.8763029881861,4.0
1262.876997915219,4.0
1263.8776928422515,4.0
1264.878387769284,4.0
1265.8790826963168,4.0
1266.8797776233494,4.0
1267.8804725503821,4.0
1268.8811674774147,4.0
1269.8818624044475,4.0
1270.88255733148,4.0
1271.8832522585128,4.0
1272.8839471855454,4.0
1273.8846421125781,4.0
1274.8853370396107,4.0
1275.8860319666435,4.0
1276.886726893676,4.0
1277.8874218207088,4.0
1278.8881167477414,4.0
1279.8888116747742,4.0
1280.8895066018067,4.0
1281.8902015288393,4.0
1282.890896455872,4.0
1283.8915913829046,4.0
1284.8922863099374,4.0
1285.89298123697,4.0
1286.8936761640027,4.0
1287.8943710910353,4.0
1288.895066018068,4.0
1289.8957609451006,4.0
1290.8964558721334,4.0
1291.897150799166,4.0
1292.8978457261987,4.0
1293.8985406532313,4.0
1294.899235580264,4.0
1295.8999305072966,4.0
1296.9006254343294,4.0
1297.901320361362,4.0
1298.9020152883945,4.0
1299.9027102154273,4.0
1300.9034051424599,4.0
1301.9041000694926,4.0
1302.9047949965252,4.0
1303.905489923558,4.0
1304.9061848505905,4.0
1305.9068797776233,4.0
1306.9075747046559,4.0
1307.9082696316887,4.0
1308.9089645587212,4.0
1309.909659485754,4.0
1310.9103544127865,4.0
1311.9110493398193,4.0
1312.9117442668519,4.0
1313.9124391938844,4.0
1314.9131341209172,4.0
1315.9138290479498,4.0
1316.9145239749826,4.0
1317.915218902015,4.0
1318.915913829048,4.0
1319.9166087560804,4.0
1320.9173036831132,4.0
1321.9179986101458,4.0
1322.9186935371786,4.0
1323.9193884642111,4.0
1324.920083391244,4.0
1325.9207783182765,4.0
1326.9214732453092,4.0
1327.9221681723418,4.0
1328.9228630993744,4.0
1329.9235580264071,4.0
1330.9242529534397,4.0
1331.9249478804725,4.0
1332.925642807505,4.0
1333.9263377345378,4.0
1334.9270326615704,4.0
1335.9277275886031,4.0
1336.9284225156357,4.0
1337.9291174426685,4.0
1338.929812369701,4.0
1339.9305072967338,4.0
1340.9312022237664,4.0
1341.9318971507992,4.0
1342.9325920778317,4.0
1343.9332870048645,4.0
1344.933981931897,4.0
1345.9346768589296,4.0
1346.9353717859624,4.0
1347.936066712995,4.0
1348.9367616400277,4.0
1349.9374565670603,4.0
1350.938151494093,4.0
1351.9388464211256,4.0
1352.9395413481584,4.0
1353.940236275191,4.0
1354.9409312022237,4.0
1355.9416261292563,4.0
1356.942321056289,4.0
1357.9430159833216,4.0
1358.9437109103544,4.0
1359.944405837387,4.0
1360.9451007644197,4.0
1361.9457956914523,4.0
1362.9464906184849,4.0
1363.9471855455176,4.0
1364.9478804725502,4.0
1365.948575399583,4.0
1366.9492703266155,4.0
1367.9499652536483,4.0
1368.9506601806809,4.0
1369.9513551077137,4.0
1370.9520500347462,4.0
1371.952744961779,4.0
1372.9534398888115,4.0
1373.9541348158443,4.0
1374.9548297428769,4.0
1375.9555246699097,4.0
1376.9562195969422,4.0
1377.9569145239748,4.0
1378.9576094510076,4.0
1379.95830437804,4.0
1380.958999305073,4.0
1381.9596942321054,4.0
1382.9603891591382,4.0
1383.9610840861708,4.0
1384.9617790132036,4.0
1385.9624739402361,4.0
1386.963168867269,4.0
1387.9638637943015,4.0
1388.9645587213342,4.0
1389.9652536483668,4.0
1390.9659485753996,4.0
1391.9666435024321,4.0
1392.9673384294647,4.0
1393.9680333564975,4.0
1394.96872828353,4.0
1395.9694232105628,4.0
1396.9701181375954,4.0
1397.9708130646281,4.0
1398.9715079916607,4.0
1399.9722029186935,4.0
1400.972897845726,4.0
1401.9735927727588,4.0
1402.9742876997914,4.0
1403.9749826268242,4.0
1404.9756775538567,4.0
1405.9763724808895,4.0
1406.977067407922,4.0
1407.9777623349548,4.0
1408.9784572619874,4.0
1409.97915218902,4.0
1410.9798471160527,4.0
1411.9805420430853,4.0
1412.981236970118,4.0
1413.9819318971506,4.0
1414.9826268241834,4.0
1415.983321751216,4.0
1416.9840166782487,4.0
1417.9847116052813,4.0
1418.985406532314,4.0
1419.9861014593466,4.0
1420.9867963863794,4.0
1421.987491313412,4.0
1422.9881862404447,4.0
1423.9888811674773,4.0
1424.98957609451,4.0
1425.9902710215426,4.0
1426.9909659485752,4.0
1427.991660875608,4.0
1428.9923558026405,4.0
1429.9930507296733,4.0
1430.9937456567059,4.0
1431.9944405837387,4.0
1432.9951355107712,4.0
1433.995830437804,4.0
1434.9965253648365,4.0
1435.9972202918693,3.2022237665045394
1436.9979152189019,2.4016678248784955
1437.9986101459347,1.60111188325227
1438.9993050729672,0.800555941626226
1440.0,0.0